49.879540	39.527108	
49.902041	40.137817	
50.063968	40.113961	
50.000374	40.792546	
49.618077	41.269493	
49.675386	41.628442	
49.635850	42.055021	
49.942748	42.461633	
49.796448	42.414443	
49.443762	43.072635	
48.821525	43.392639	
49.103960	43.324931	
49.084780	43.686337	
48.595855	44.197576	
48.052340	44.166439	
47.992636	44.218952	
48.222701	44.523771	
47.721288	44.710542	
47.599752	44.793062	
47.310705	45.689754	
47.165643	44.882352	
46.940884	45.654088	
46.491545	45.879977	
46.222810	46.047406	
45.857953	46.050618	
45.089251	45.770102	
45.390487	46.162574	
45.101665	46.099003	
44.557509	46.678780	
44.055466	46.403193	
43.623588	46.695914	
42.989942	46.549515	
43.133279	46.399429	
42.972043	46.328377	
42.744829	46.098168	
42.088090	46.222954	
41.652977	46.211413	
41.989668	46.277477	
41.667447	46.334488	
41.557374	46.163059	
40.250644	46.219402	
39.845661	45.829790	
39.986310	45.960507	
39.769413	45.422624	
39.582540	45.199887	
38.963691	45.327652	
38.796310	44.962925	
38.519331	44.678384	
37.788162	44.260300	
37.912813	44.097111	
37.972535	43.616063	
37.633953	43.548669	
37.831385	43.382325	
37.591451	43.511068	
37.352419	42.600862	
37.313272	42.300537	
37.623535	42.182163	
36.827284	41.840024	
37.613657	41.475878	
37.299943	41.178111	
37.066464	40.200645	
36.057432	40.877022	
36.456320	40.334003	
36.225073	39.687892	
36.692058	39.282508	
36.341811	38.938049	
36.571894	38.309323	
37.208343	38.409306	
36.473975	38.515881	
36.382113	37.367200	
36.821459	36.996196	
37.094152	37.201879	
37.516896	36.500656	
37.502874	36.522368	
37.532026	36.094718	
37.892634	36.170057	
37.679051	35.641180	
38.322336	35.547368	
38.767263	35.388137	
38.686562	35.146095	
39.296277	34.944542	
39.099698	34.498883	
39.774647	33.646700	
39.343705	34.277572	
40.048827	33.751691	
40.502150	34.033125	
40.320233	33.333795	
40.501824	33.912355	
41.083517	33.223887	
41.504394	33.202576	
42.314719	33.440000	
41.935074	33.961740	
42.881845	32.928682	
42.824468	33.719886	
43.051235	33.317645	
43.466630	32.906857	
44.547103	33.424959	
44.054288	33.299883	
45.023814	33.146586	
44.922722	33.227118	
45.069757	32.829788	
45.751015	33.499986	
45.888359	33.826267	
46.133596	33.880721	
46.603677	33.851273	
46.608181	34.434661	
47.669420	34.174888	
47.338068	34.671169	
47.814444	34.345148	
48.130972	34.853570	
47.788068	35.228769	
48.740163	35.602459	
48.811779	35.652121	
48.497178	36.008449	
49.007198	36.557236	
48.815690	36.837786	
49.622091	36.588229	
49.393167	37.127966	
49.807021	37.829229	
49.669313	37.728827	
49.833550	38.007366	
49.690402	38.747431	
49.770157	38.917122	
49.904261	38.783175	
50.724527	39.314440	
50.277475	39.310477	
50.188529	39.795391	
50.134913	40.139601	
50.681192	39.815933	
50.073974	40.840376	
50.091850	40.748489	
49.653399	40.981923	
49.757660	41.294911	
49.361574	41.196288	
49.730587	42.121995	
49.244236	42.114018	
49.717412	42.258770	
49.449579	43.056683	
48.969408	43.169621	
48.701118	43.505092	
48.201627	43.931752	
48.661400	44.203361	
48.443177	44.297872	
47.923234	44.554832	
48.340098	44.746667	
47.631962	45.002210	
47.368788	44.998571	
46.919947	45.073541	
46.859440	45.300778	
46.113569	45.954888	
46.007550	45.941513	
45.431110	46.338019	
45.047515	46.534744	
44.547571	46.048551	
45.253320	46.041558	
43.840727	45.865049	
44.827912	46.408208	
44.019616	46.710731	
42.823890	46.968023	
43.098717	46.539986	
43.059292	46.359715	
42.256672	46.530659	
42.373380	46.166970	
41.497782	46.373265	
41.516785	46.238226	
41.627242	45.791357	
40.970567	45.946654	
40.924326	46.055590	
40.273526	46.198360	
39.758681	45.775427	
39.834138	46.018132	
39.422575	45.038415	
39.781681	45.099713	
38.643384	44.778878	
38.676655	44.645553	
37.977812	44.038939	
38.686062	44.080112	
38.190526	43.755232	
38.225275	43.466618	
37.545721	43.188809	
37.592605	42.931521	
37.698330	42.714729	
37.085394	42.796812	
37.224986	41.983949	
36.529009	41.780128	
36.775187	40.966926	
36.755817	41.192132	
36.526542	40.832674	
36.224770	40.284139	
36.762026	40.257570	
36.742296	39.728091	
36.868073	39.400372	
36.999593	38.811723	
36.490901	39.084180	
36.892580	38.217417	
36.934297	38.202992	
37.343024	37.887127	
37.369985	37.752823	
36.981779	37.450689	
36.812036	36.520661	
37.267532	37.020025	
37.976814	36.518616	
37.861065	35.784251	
37.998949	35.504238	
38.060973	35.420497	
38.305043	35.135604	
38.866131	35.350449	
39.200709	35.142856	
39.382154	34.689696	
39.551426	34.736366	
40.124868	34.277156	
40.005646	34.472005	
40.348633	34.283908	
40.360829	33.396870	
41.022697	33.902788	
41.231994	33.652236	
41.289103	33.381680	
42.084782	33.621691	
42.325852	33.172462	
43.192630	33.092201	
43.060401	33.402878	
43.392962	33.188727	
43.517133	33.253379	
43.574142	33.589686	
43.876333	33.134201	
44.661817	33.409203	
45.345414	33.637149	
45.319693	33.143573	
45.808675	33.626269	
45.686509	33.662444	
46.232184	33.983834	
46.356494	34.073644	
46.487714	34.166824	
47.229818	34.089005	
47.194429	34.803603	
46.575626	35.178980	
48.372701	35.096188	
47.943027	35.431737	
48.376153	35.434025	
48.341197	35.553749	
48.727814	35.989275	
48.792461	35.742129	
49.028495	36.987721	
49.078236	37.059551	
49.024662	36.528735	
49.350097	36.989881	
49.692538	37.867699	
49.646699	37.963591	
50.269321	38.324200	
50.787368	38.177979	
49.684368	39.024583	
49.685298	39.371619	
49.650441	39.839891	
49.677320	39.428191	
50.086368	40.176085	
50.215129	39.891377	
50.132492	40.567030	
49.651591	41.340176	
50.442166	41.619804	
50.196194	41.668810	
49.520436	42.198114	
49.636578	41.855939	
49.437478	42.765265	
49.424691	43.101858	
49.095586	42.821345	
48.902570	43.465976	
48.986706	44.567076	
48.642592	44.273804	
48.520275	44.624146	
48.190028	44.687259	
48.014145	44.400673	
47.872107	44.409034	
47.350705	45.172566	
47.691119	45.096494	
47.175594	45.158642	
45.876865	45.726889	
46.205643	46.059816	
46.290892	46.752693	
46.064753	46.069992	
45.036250	46.350242	
45.668901	47.204636	
44.797320	46.193768	
44.024989	46.646989	
44.011930	46.540469	
43.606226	47.048211	
43.932541	46.702040	
42.464129	47.048532	
42.539850	46.772216	
42.559912	46.840696	
42.330804	46.059404	
41.287581	46.272118	
41.856394	46.009707	
40.698979	45.851371	
40.538120	46.460358	
40.386234	46.366385	
40.437558	45.862952	
40.052266	45.442705	
39.599494	45.874233	
39.581389	45.915173	
38.885357	45.371921	
39.260988	44.694150	
38.569135	44.573225	
37.753255	44.674113	
37.811207	44.225468	
37.576529	44.247542	
37.336687	43.367675	
37.691392	43.836259	
36.962896	42.993444	
37.172250	42.562793	
36.998282	42.112808	
36.680802	42.404651	
36.839684	41.723998	
36.506685	41.414639	
37.198816	41.051685	
36.135042	40.517696	
36.628035	40.279440	
36.375967	40.116992	
36.457389	40.463658	
36.012482	39.360067	
36.812412	39.373879	
36.669964	38.514721	
36.995819	38.725000	
36.932104	38.401120	
36.602189	38.020574	
36.585543	37.596155	
36.926018	36.621832	
37.377904	36.818382	
37.048577	36.740268	
37.479454	35.724327	
37.084477	35.857709	
37.646096	36.068630	
38.298121	35.455878	
38.628600	35.600083	
39.040849	34.850822	
39.001191	35.095345	
39.246360	34.555969	
39.117711	34.509193	
39.100533	33.684791	
40.284582	33.499426	
40.448013	33.930578	
40.728222	33.532459	
41.105605	32.964088	
41.098740	33.263186	
41.892954	33.196078	
42.174547	32.966364	
42.134023	32.785415	
42.372580	33.179431	
42.880845	33.183919	
43.436512	32.829775	
43.920657	33.471932	
44.211829	32.949858	
43.684938	32.540074	
44.676663	33.196193	
43.999932	33.505145	
44.769269	32.780057	
45.318495	34.017123	
45.903509	33.487260	
46.184377	33.463922	
46.469128	33.947620	
47.113327	33.867396	
47.124918	34.495502	
47.632389	34.804434	
47.613069	34.746417	
47.618820	34.835821	
47.783060	34.561327	
48.732642	35.090031	
48.469059	35.583931	
48.946981	35.246869	
48.994093	35.809158	
49.018979	36.458554	
49.479688	36.341133	
49.239183	36.784235	
49.902941	37.418017	
50.129561	37.702856	
50.395269	38.005546	
50.138731	39.030939	
50.286871	38.832474	
50.296257	38.763156	
49.794028	39.319551	
50.081657	39.992527	
50.245743	40.412617	
47.872731	27.348143	
38.146054	34.976337	
47.878906	42.215240	
47.099413	32.813526	
46.813075	39.835661	
42.963037	49.662921	
41.871184	50.679350	
43.964712	41.039187	
39.337683	51.639204	
47.272619	43.659345	
42.982935	44.584431	
52.175526	43.571123	
48.278503	36.591267	
44.825134	41.173518	
52.174497	43.312981	
49.094254	47.753760	
45.581318	22.770518	
37.264523	34.190962	
52.181718	49.091289	
42.479912	44.205309	
40.981866	41.318410	
43.520450	43.345196	
50.424341	47.738810	
44.108522	33.583846	
35.761680	42.603371	
41.452356	27.361712	
37.958704	40.748366	
41.512522	40.509505	
34.998695	48.248894	
45.685882	34.983995	
41.027131	43.497100	
37.442350	46.226118	
39.454664	35.170402	
51.768431	41.942324	
35.372749	40.194268	
46.552207	38.714073	
44.443509	36.556602	
35.382412	35.465686	
43.586472	32.103027	
37.166464	36.788973	
48.878597	33.685245	
46.985997	39.563064	
42.541813	50.277485	
36.741781	37.899806	
39.862837	46.331399	
40.007415	43.115009	
45.616901	48.850798	
51.607472	39.826924	
48.365246	39.208858	
40.360028	38.863940	
